	Locus1		Locus2		Locus3		Locus4		Locus5		Locus6		Locus7		Locus8		Locus9		Locus10		Locus11		Locus12		Locus13		Locus14		Locus15		Locus16		Locus17	
0258MNy1980	188	191	124	124	100	104	163	163	152	152	202	202	186	186	200	200	137	167	108	118	109	109	171	181	139	139	161	161	133	145	156	157	123	123
0297MNy1981	188	191	124	124	100	104	134	163	152	152	200	202	186	186	200	200	137	155	112	118	109	109	181	181	139	139	161	161	133	145	156	157	123	123
0427FNy1982	191	191	124	124	100	104	161	161	152	152	200	200	186	186	200	200	137	169	118	118	109	111	171	181	149	149	161	161	133	133	156	157	123	123
0431FNy1982	191	191	124	124	104	104	161	161	152	152	200	202	186	186	200	200	137	169	118	118	109	111	171	181	139	149	161	161	133	145	156	157	123	123
0510MNy1983	188	191	114	124	100	104	134	161	152	152	200	202	186	188	200	200	167	169	118	118	109	111	171	181	139	139	161	161	133	145	156	157	123	123
0575MNy1983	191	191	114	124	104	104	134	161	152	152	200	202	188	188	200	200	165	169	118	118	109	109	171	181	139	149	161	161	145	145	156	156	123	123
0796FNy1984	191	191	114	124	104	104	134	161	152	152	200	202	186	186	200	200	169	169	118	118	109	111	171	181	149	149	161	161	133	145	156	156	123	123
0819FNy1985	191	191	114	124	100	104	161	161	152	152	200	200	186	186	200	200	137	137	118	118	109	109	181	181	149	149	161	161	133	145	157	157	123	123
1129FNy1986	191	191	114	124	100	104	134	161	152	152	200	200	186	186	200	200	153	167	118	118	109	109	171	181	139	139	161	161	133	133	156	157	123	123
1486MNy1994	191	191	124	124	100	104	134	161	152	152	200	200	186	188	200	200	137	165	118	118	109	109	171	181	149	149	161	161	133	145	156	157	123	123
1689MNy1996	191	191	124	124	100	100	134	161	152	152	200	200	186	186	200	200	137	167	118	118	109	109	179	181	139	149	161	161	145	145	156	157	123	123
2311FNy2002	191	191	124	124	100	100	161	161	152	152	200	202	186	186	200	200	137	167	108	108	109	109	181	181	139	149	161	171	133	145	157	157	123	123
2320MNy2002	191	191	124	124	100	104	161	161	152	152	200	202	186	186	200	228	137	167	108	118	109	109	181	181	139	139	161	161	133	133	157	169	123	123
2352FNy2003	191	191	114	124	104	104	161	161	152	152	202	202	186	186	200	200	137	137	118	118	109	109	171	171	149	149	161	161	133	145	157	169	123	123
2434FNy2007	191	191	124	124	100	100	161	161	152	152	202	202	186	186	200	200	137	137	118	118	109	109	171	171	139	139	161	161	133	145	157	169	123	123
0290MHy1981	188	191	110	110	91	100	163	163	152	152	202	202	186	186	200	200	137	137	112	118	109	109	171	171	139	139	161	161	145	145	157	157	123	123
0292MHy1981	188	191	110	110	91	100	163	163	152	152	202	202	186	186	200	200	165	167	112	112	109	109	171	171	139	139	161	161	145	145	157	157	123	123
0303MHy1981	188	188	110	110	91	91	134	134	152	152	202	202	186	186	200	200	153	153	112	118	109	109	171	171	149	149	161	161	145	145	156	157	123	123
0759MHy1984	188	188	110	110	91	91	134	134	152	152	200	200	186	186	228	228	153	153	112	112	109	109	181	181	139	149	161	171	145	145	157	169	123	123
0772MHy1984	188	188	110	110	91	91	163	163	152	152	200	202	186	186	228	228	139	165	118	118	109	109	171	171	139	149	161	161	145	145	157	157	123	123
0803FHy1984	188	188	110	110	91	100	134	134	152	152	200	200	186	186	200	200	159	165	112	118	109	109	181	181	139	149	161	161	145	145	156	157	123	123
0818FHy1985	188	188	110	110	91	91	161	163	152	152	200	202	186	186	228	228	153	153	118	118	109	109	181	181	139	149	161	161	145	145	157	157	123	123
1232FHy1987	188	188	110	110	91	91	134	163	152	152	202	202	186	186	228	228	153	153	112	118	109	109	177	179	139	139	161	161	145	145	156	157	123	123
1312FHy1989	188	188	110	110	91	91	161	163	152	152	200	200	186	186	200	228	159	167	112	112	109	109	181	181	139	139	161	161	145	145	156	156	123	123
1481MHy1994	188	188	110	110	91	91	163	163	152	152	202	202	186	186	200	228	165	167	112	118	109	109	181	181	139	139	161	161	145	145	157	157	123	123
1482FHy1994	188	188	110	110	91	91	161	161	152	152	202	202	186	186	228	228	153	153	112	118	109	109	179	179	139	149	161	171	145	145	156	156	123	123
1688MHy1996	188	188	110	110	91	91	161	161	152	152	202	202	186	186	228	228	159	159	112	118	108	108	181	181	139	149	161	161	145	145	156	156	123	123
1692MHy1996	188	188	110	110	91	91	163	163	152	152	200	202	186	186	228	228	153	153	118	118	108	108	171	181	139	139	161	161	145	145	157	157	123	123
2146MHy1998	188	188	110	110	91	91	163	163	152	152	202	202	186	186	200	228	159	159	118	118	109	109	179	179	139	139	161	161	145	145	157	157	123	123
2181MHy1999	188	188	110	110	91	91	163	163	152	152	202	202	186	186	228	228	153	153	112	112	109	109	181	181	139	139	161	161	145	145	157	157	123	123
2182MHy1999	188	188	110	110	91	91	134	134	152	152	200	202	186	186	200	200	159	159	112	112	109	109	181	181	139	139	161	161	145	145	157	157	123	123
2269MHy2001	188	188	110	110	91	91	163	163	152	152	200	202	186	186	200	200	159	159	112	112	109	109	179	179	139	139	161	161	145	145	156	156	123	123
2348MHy2003	188	188	110	110	91	91	161	161	152	152	200	200	186	186	200	200	137	137	108	108	109	109	181	181	139	139	161	161	145	145	156	156	123	123
2373FHy2004	188	188	114	114	91	91	134	134	152	152	200	202	186	186	200	200	153	153	112	112	109	109	181	181	149	149	161	161	145	145	156	156	123	123
2399FHy2006	188	188	114	124	91	91	161	161	152	152	200	202	186	186	200	228	139	165	118	118	109	109	179	181	149	149	161	171	145	145	157	157	123	123
0291MHy1981	188	191	124	124	100	100	161	161	152	152	202	202	186	186	200	200	137	157	108	118	109	111	171	179	149	149	161	171	133	145	156	169	123	123
0298MHy1981	188	191	124	124	100	100	134	161	152	152	202	202	186	186	200	200	137	155	108	118	109	109	171	179	149	149	161	171	133	145	156	157	123	123
0299FHy1981	191	191	114	124	104	104	163	163	152	152	202	202	186	186	228	228	139	167	112	118	109	109	177	181	139	149	161	161	145	145	156	157	123	123
0418MHy1982	191	191	124	124	98	104	161	161	152	152	200	200	186	186	200	200	155	167	112	118	109	109	181	181	149	149	161	161	145	145	156	156	123	123
0428MHy1982	191	191	124	124	100	104	161	161	152	152	200	202	186	188	200	200	153	155	112	118	109	111	171	181	149	149	161	161	145	145	156	169	119	123
0430FHy1982	191	191	124	124	100	104	134	161	152	152	202	202	186	186	200	200	137	159	118	118	109	111	171	181	149	149	161	171	145	145	156	156	123	123
0533FHy1983	191	191	114	124	100	100	161	161	152	152	194	200	186	186	200	200	129	153	118	118	109	111	177	181	139	149	161	161	145	145	157	157	123	123
0546FHy1983	191	191	124	124	100	104	134	134	152	152	200	202	186	186	200	200	137	137	112	118	109	109	171	171	149	149	161	171	133	145	157	157	123	123
0753FHy1984	191	191	124	124	100	104	134	161	152	152	194	202	186	186	200	200	137	155	108	118	109	109	171	181	149	149	161	171	145	145	156	169	123	123
0763FHy1984	191	191	124	124	100	100	134	134	152	152	202	202	186	188	200	200	129	155	108	112	109	109	179	181	149	149	161	161	133	145	156	157	119	119
0773FHy1984	191	191	124	124	104	104	161	161	152	152	200	202	186	188	200	200	129	155	112	118	109	109	171	181	139	149	161	161	133	145	156	157	123	123
0804MHy1984	191	191	124	124	98	104	161	161	152	152	200	202	186	186	200	200	137	155	118	118	109	109	181	181	149	149	161	161	133	145	156	157	123	123
0806FHy1985	191	191	124	124	98	104	161	161	152	152	202	202	186	188	200	200	129	137	112	118	109	109	171	181	149	149	161	171	133	145	156	156	119	123
0811FHy1985	191	191	124	124	98	104	134	161	152	152	200	202	186	188	200	220	137	159	118	118	109	109	171	181	139	149	161	161	133	145	157	157	123	123
0814MHy1985	191	191	124	124	98	104	134	161	152	152	202	202	186	188	200	200	129	137	112	118	109	109	171	181	149	149	161	161	133	145	156	157	119	123
0821FHy1985	191	191	124	124	98	104	134	161	152	152	194	200	186	186	200	200	137	159	118	118	109	109	171	181	149	149	161	161	145	145	156	169	123	123
0824FHy1985	191	191	124	124	100	100	161	161	152	152	202	202	186	186	200	200	137	157	118	118	109	109	171	171	149	149	161	171	133	133	156	156	123	123
1085MHy1985	191	191	124	124	100	104	134	161	152	152	200	202	186	186	200	200	137	155	118	118	105	109	171	179	149	149	161	161	133	145	156	157	119	123
1091MHy1986	191	191	114	124	100	104	134	161	152	152	200	202	186	186	200	200	-9	-9	118	118	109	109	171	171	149	149	161	161	145	145	156	169	123	123
1233MHy1987	191	191	124	124	104	104	161	161	152	152	200	202	186	186	200	200	137	153	112	118	109	111	181	181	149	149	161	161	145	145	156	169	123	123
1234MHy1986	191	191	124	124	100	100	134	161	152	152	202	202	186	186	200	200	137	167	118	118	109	109	171	171	149	149	161	161	133	145	156	169	123	123
1262MHy1988	191	191	114	124	100	100	161	161	152	152	200	202	186	188	200	200	137	137	118	118	109	109	171	181	149	149	161	161	133	145	157	169	123	123
1265FHy1988	191	191	124	124	100	100	134	134	152	152	202	202	186	186	200	200	137	163	118	118	109	109	171	171	149	149	161	171	133	133	157	169	119	123
1270FHy1988	191	191	124	124	104	104	134	161	152	152	200	200	186	186	200	200	137	155	112	118	103	109	171	181	149	149	161	161	145	145	156	156	123	123
1313MHy1990	191	191	124	124	100	100	161	161	152	152	202	202	186	188	200	200	129	153	118	118	109	111	171	181	149	149	161	171	133	145	156	156	119	123
1328FHy1991	191	191	124	124	100	100	134	134	152	152	200	202	186	188	200	200	137	153	118	118	109	111	171	171	149	149	161	161	133	133	156	157	123	123
1394MHy1991	191	191	124	124	100	100	134	161	152	152	202	202	186	186	200	200	137	151	118	118	109	111	171	181	149	149	161	171	133	133	157	169	123	123
1418MHy1993	191	191	124	124	100	104	161	161	152	152	202	202	186	186	200	200	129	153	112	118	109	111	171	181	149	149	161	171	133	145	156	156	119	123
1419FHy1993	191	191	114	124	104	104	161	161	152	152	200	202	186	186	200	228	129	165	108	118	109	109	177	181	139	149	161	171	133	145	156	157	123	123
1423MHy1993	191	191	124	124	100	100	134	161	152	152	202	202	186	186	200	200	153	167	118	118	109	109	171	181	149	149	161	161	133	133	156	157	123	123
1425FHy1993	191	191	114	124	104	104	161	161	152	152	200	202	186	186	200	200	133	137	118	118	109	109	171	181	149	149	161	161	133	145	157	169	123	123
1426MHy1992	191	191	114	124	98	100	161	161	152	152	200	200	186	188	200	200	137	159	118	118	109	109	171	181	149	149	161	161	133	145	157	169	123	123
1431FHy1993	191	191	124	124	98	104	134	161	152	152	202	202	186	186	200	200	137	137	118	118	109	109	171	181	149	149	161	161	145	145	157	169	123	123
1485MHy1994	191	191	124	124	100	100	134	161	152	152	202	202	186	186	200	200	137	155	118	118	109	109	171	179	149	149	161	161	133	145	157	169	123	123
1559MHy1995	191	191	124	124	100	100	134	161	152	152	202	202	186	186	200	200	137	137	118	118	109	109	171	171	149	149	161	171	133	133	156	157	123	123
1561FHy1995	191	191	124	124	100	104	134	161	152	152	200	202	186	188	200	200	137	139	118	118	109	109	171	171	149	149	161	161	133	145	156	157	123	123
1563MHy1995	191	191	124	124	98	100	134	161	152	152	202	202	186	188	200	200	137	137	118	118	109	109	181	181	149	149	161	161	133	145	156	169	123	123
1686FHy1996	191	191	124	124	100	100	161	161	152	152	200	200	186	186	200	200	137	155	118	118	109	109	179	181	149	149	161	171	145	145	157	157	123	123
1687FHy1996	191	191	124	124	104	104	163	163	152	152	202	202	186	186	200	228	135	165	118	118	109	109	177	181	139	139	161	161	145	145	157	157	123	123
1956MHy1997	191	191	124	124	100	104	161	161	152	152	200	202	186	186	200	200	137	167	118	118	109	109	171	181	149	149	161	171	133	145	157	169	123	123
1983MHy1997	191	191	124	124	104	104	161	161	152	152	194	200	186	186	200	200	137	137	118	118	109	109	171	171	149	149	161	161	133	145	157	169	123	123
2099MHy1998	191	191	124	124	100	104	134	161	152	152	194	200	186	186	200	200	137	155	108	118	109	109	171	181	149	149	161	161	145	145	156	169	119	123
2100MHy1998	191	191	124	124	104	104	134	134	152	152	202	202	186	188	200	220	137	137	118	118	109	109	171	181	139	149	161	161	133	133	156	157	123	123
2126FHy1998	191	191	124	124	104	104	134	161	152	152	200	200	186	186	200	200	137	167	112	118	109	109	171	171	149	149	161	161	133	145	157	169	123	123
2150FHy1998	191	191	124	124	104	104	161	161	152	152	200	200	186	186	200	200	137	137	108	112	109	109	179	181	149	149	161	161	133	145	156	157	123	123
2180MHy1999	191	191	124	124	100	104	134	161	152	152	202	202	186	188	200	200	155	157	108	118	109	109	171	171	149	149	161	161	133	145	156	156	119	123
2194FHy1999	191	191	124	124	100	104	161	161	152	152	202	202	186	186	200	200	153	157	118	118	109	111	171	171	149	149	161	161	145	145	157	169	123	123
2206MHy2000	191	191	124	124	104	104	134	161	152	152	202	202	186	186	200	228	153	165	112	118	109	109	179	179	139	149	161	171	145	145	156	169	123	123
2214MHy2000	191	191	124	124	100	100	161	161	152	152	200	200	186	186	200	200	153	155	108	118	109	109	181	181	139	149	161	171	145	145	156	157	119	123
2221MHy2000	191	191	124	124	104	104	134	161	152	152	194	200	186	186	200	200	137	137	118	118	109	109	171	171	149	149	161	161	133	145	156	169	123	123
2232MHy2000	191	191	124	124	100	100	161	161	152	152	202	202	186	188	200	200	137	155	108	118	109	109	171	181	149	149	161	161	133	145	156	169	123	123
2267FHy2001	191	191	124	124	100	100	161	161	152	152	200	202	186	186	200	200	139	153	118	118	109	109	171	181	149	149	161	161	133	133	157	169	123	123
2277FHy2001	191	191	124	124	104	104	134	161	152	152	200	202	186	186	200	200	137	165	112	118	109	109	177	181	149	149	161	161	133	145	156	169	123	123
2317FHy2002	191	191	124	124	104	104	134	134	152	152	200	202	186	186	200	200	129	139	112	118	109	109	171	171	149	149	161	161	133	145	156	157	119	123
2319MHy2002	191	191	124	124	104	104	134	134	152	152	200	202	186	188	200	200	137	137	112	112	109	109	171	181	149	149	161	161	133	145	156	169	123	123
2329FHy2002	191	191	124	124	104	104	134	161	152	152	200	202	186	188	200	200	129	153	108	118	109	109	181	181	149	149	161	161	133	145	156	156	123	123
2333MHy2003	191	191	124	124	100	104	134	161	152	152	202	202	188	188	200	200	137	159	118	118	109	109	181	181	149	149	161	161	145	145	157	157	123	123
2337MHy2003	191	191	114	124	100	100	161	161	152	152	200	202	186	186	200	200	137	167	118	118	109	109	171	181	149	149	161	161	145	145	156	169	123	123
2340MHy2003	191	191	124	124	104	104	134	161	152	152	194	202	186	186	200	200	137	137	108	118	109	109	171	179	149	149	161	161	145	145	156	169	123	123
2341FHy2003	191	191	124	124	100	104	134	161	152	152	194	194	186	186	200	200	129	159	112	118	109	109	171	171	149	149	161	171	133	145	169	169	119	123
2342MHy2003	191	191	124	124	104	104	161	161	152	152	200	200	188	188	200	200	137	159	118	118	109	109	171	171	149	149	161	161	145	145	157	169	123	123
2350FHy2003	191	191	114	124	104	104	134	161	152	152	200	200	186	188	200	200	137	157	112	112	109	109	177	181	149	149	161	161	133	145	156	156	119	123
2356MHy2004	191	191	124	124	104	104	161	161	152	152	202	202	186	186	200	200	137	153	112	112	109	109	171	171	149	149	161	171	145	145	157	169	123	123
2363MHy2004	191	191	124	124	104	104	134	161	152	152	202	202	186	186	200	200	137	155	118	118	109	109	171	181	149	149	161	161	133	145	156	157	119	123
2377FHy2005	191	191	114	124	104	104	134	161	152	152	200	200	186	186	200	200	155	167	108	118	109	109	179	181	149	149	161	161	145	145	156	157	123	123
2379FHy2005	191	191	114	124	104	104	134	161	152	152	202	202	186	186	200	200	137	139	118	118	109	109	171	181	139	149	161	161	133	145	156	157	123	123
2380MHy2005	191	191	114	124	104	104	161	161	152	152	200	200	186	188	200	200	159	159	118	118	109	109	171	181	149	149	161	161	145	145	156	157	123	123
2382MHy2005	191	191	124	124	104	104	161	161	152	152	200	202	186	188	200	200	137	137	112	118	109	109	171	171	149	149	161	171	133	133	156	169	123	123
2392FHy2005	191	191	124	124	100	100	161	161	152	152	200	202	186	188	200	200	139	165	118	118	109	109	171	181	149	149	161	161	145	145	156	157	123	123
2393MHy2005	191	191	124	124	100	100	161	161	152	152	202	202	186	188	200	220	137	159	118	118	109	109	171	181	139	139	161	161	133	145	157	157	123	123
2396MHy2006	191	191	124	124	100	100	161	161	152	152	200	202	186	186	200	200	137	137	118	118	109	109	171	181	139	149	161	161	133	145	156	156	123	123
2406MHy2006	191	191	124	124	100	100	161	161	152	152	200	200	186	186	200	200	155	159	118	118	111	111	181	181	149	149	161	171	145	145	157	157	119	123
2422MHy2007	191	191	114	124	100	100	161	161	152	152	200	200	186	186	200	200	137	171	108	118	109	109	171	181	149	149	161	161	145	145	156	157	123	123
2426FHy2007	191	191	124	124	100	100	161	161	152	152	200	200	186	186	200	200	129	153	118	118	111	111	181	181	149	149	161	161	145	145	169	169	123	123
2432MHy2007	191	191	124	124	100	100	161	161	152	152	200	200	186	186	200	200	129	159	112	118	109	109	171	171	149	149	161	161	133	145	169	169	123	123
2433FHy2007	191	191	124	124	100	100	161	161	152	152	200	200	186	186	200	228	129	167	112	118	109	109	171	181	139	149	161	171	133	145	157	157	123	123
2440MHy2007	191	191	124	124	100	100	161	161	152	152	200	200	186	186	200	200	137	155	118	118	109	109	171	171	149	149	161	161	133	145	156	157	123	123
2451FHy2008	191	191	124	124	100	100	161	161	152	152	200	200	186	188	200	200	129	167	118	118	109	109	181	181	149	149	161	161	145	145	156	169	123	123
2471MHy2008	191	191	124	124	100	100	161	161	152	152	200	200	186	186	200	200	137	137	112	118	109	109	171	171	139	149	161	171	145	145	156	157	123	123
0314MPy1981	185	185	113	113	77	77	161	161	152	152	200	200	186	186	200	200	137	137	118	118	109	109	181	181	149	149	161	161	133	145	156	156	123	123
0419FPy1982	185	185	113	113	77	77	134	161	152	152	202	202	186	188	200	200	137	137	108	118	109	109	177	181	149	149	161	161	145	145	156	156	123	123
0425MPy1982	185	185	113	113	77	77	134	161	152	152	200	200	186	186	200	200	137	137	108	118	109	109	171	181	149	149	161	161	133	145	156	157	123	123
0746FPy1984	185	185	113	113	77	77	161	161	152	152	200	200	186	188	200	200	151	165	116	118	109	109	171	181	149	149	161	161	133	145	156	156	123	123
0752FPy1984	185	185	113	113	77	77	161	161	152	152	194	202	186	188	200	200	137	137	118	118	109	109	171	181	149	149	161	161	145	145	156	156	123	123
0754MPy1984	185	185	113	113	77	77	134	161	152	152	202	202	186	188	200	200	137	137	108	118	109	109	177	181	139	149	161	161	145	145	156	169	123	123
0774FPy1984	185	185	113	113	77	77	161	161	152	152	200	200	186	186	200	200	137	137	112	118	109	109	171	181	149	149	161	161	133	145	156	156	123	123
0890FPy1986	185	185	113	113	77	77	134	134	152	152	200	202	186	188	200	200	137	137	112	118	109	109	181	181	149	149	161	161	133	145	156	157	123	123
1079FPy1986	185	185	113	113	77	77	134	161	152	152	202	202	186	186	200	200	137	137	112	118	109	109	171	181	149	149	161	161	133	145	156	156	123	123
1090FPy1986	185	185	113	113	77	77	134	161	152	152	194	202	186	188	200	200	137	167	108	118	109	109	177	181	139	149	161	161	133	145	156	156	123	123
1252FPy1988	185	185	113	113	77	77	134	161	152	152	200	200	186	186	200	200	129	137	108	118	109	109	181	181	149	149	161	161	133	145	156	157	123	123
1264FPy1988	185	185	113	113	77	77	161	161	152	152	200	200	186	188	200	200	137	137	118	118	109	109	181	181	149	149	161	161	145	145	156	157	123	123
1311FPy1989	185	185	113	113	77	77	134	161	152	152	200	200	186	186	200	200	137	137	108	118	109	109	181	181	149	149	161	161	133	145	156	156	123	123
1325MPy1990	185	185	113	113	77	77	134	161	152	152	202	202	186	186	200	200	129	137	118	118	105	105	179	181	149	149	161	161	133	145	156	156	123	123
1392MPy1993	185	185	113	113	77	77	134	161	152	152	200	202	186	188	200	200	137	137	112	112	109	109	171	171	149	149	161	161	133	133	156	157	123	123
1393FPy1992	185	185	113	113	77	77	134	161	152	152	200	202	186	186	200	200	137	137	112	118	109	109	181	181	149	149	161	161	133	145	157	169	123	123
1484FPy1994	185	185	113	113	77	77	161	161	152	152	202	202	186	186	200	200	137	137	118	118	109	109	171	177	149	149	161	161	133	145	156	156	123	123
1550FPy1995	185	185	113	113	77	77	134	161	152	152	200	200	186	186	200	200	137	151	108	118	109	109	179	181	149	149	161	161	133	145	156	157	123	123
1551MPy1995	185	185	113	113	77	77	134	134	152	152	194	202	186	188	200	200	137	137	95	95	109	109	177	181	149	149	161	161	145	145	156	157	123	123
1552FPy1995	185	185	113	113	77	77	134	134	152	152	202	202	186	188	200	200	137	139	118	118	109	109	171	177	149	149	161	161	145	145	156	169	123	123
1557MPy1995	185	185	113	113	77	77	134	134	152	152	200	202	186	188	200	200	137	137	95	95	109	109	171	181	149	149	161	161	133	145	156	156	123	123
1690FPy1996	185	185	113	113	77	77	134	134	152	152	202	202	186	186	200	200	137	137	95	95	109	109	171	181	149	149	161	161	145	145	156	169	123	123
1957FPy1997	185	185	113	113	77	77	161	161	148	152	200	200	186	188	200	200	129	137	95	95	109	109	177	181	149	149	161	161	145	145	156	157	123	123
1977FPy1997	185	185	113	113	77	77	134	134	152	152	200	200	186	188	200	200	137	137	118	118	109	109	179	181	149	149	161	161	133	145	156	169	123	123
2119MPy1998	185	185	113	113	77	77	134	134	152	152	200	200	186	186	200	200	137	137	95	95	109	109	181	181	149	149	161	161	145	145	156	156	123	123
2120UPy1998	185	185	113	113	77	77	134	134	152	152	200	200	186	186	200	200	129	129	95	95	109	109	181	181	149	149	161	161	145	145	156	156	123	123
2125FPy1998	185	185	114	124	77	77	134	134	152	152	200	200	186	186	200	200	137	137	95	95	109	109	181	181	149	149	161	161	145	145	156	156	123	123
2215MPy2000	185	185	113	113	77	98	134	134	152	152	200	200	186	186	200	200	137	137	95	95	109	109	181	181	149	149	157	157	145	145	156	156	123	123
2233MPy2000	185	185	113	113	77	98	161	161	152	152	200	200	186	186	200	200	137	137	118	118	109	109	181	181	149	149	161	161	145	145	156	156	123	123
2266MPy2001	185	185	113	113	77	77	161	161	152	152	200	200	186	186	200	200	137	137	95	95	109	109	181	181	149	149	157	157	145	145	156	156	119	123
2270MPy2001	185	185	113	113	77	77	134	134	152	152	200	200	186	186	200	200	137	137	95	95	109	109	171	177	149	149	157	157	145	145	156	156	123	123
2305FPy2001	185	185	113	113	77	77	134	134	152	152	200	200	186	186	200	200	137	137	95	95	109	109	171	171	149	149	157	157	145	145	156	156	119	123
2307FPy2001	185	185	113	113	77	98	134	134	152	152	202	202	186	186	200	200	137	137	112	112	109	109	181	181	149	149	161	161	145	145	156	156	123	123
2343FPy2003	185	185	113	113	77	77	134	134	152	152	200	200	186	186	200	200	137	137	112	112	109	109	181	181	149	149	161	161	145	145	156	156	123	123
2375FPy2005	185	185	113	113	77	77	161	161	152	152	202	202	186	186	200	200	137	137	95	95	109	109	181	181	149	149	157	157	145	145	156	156	123	123
2376MPy2005	185	185	113	113	77	77	134	134	152	152	202	202	186	186	200	200	137	137	108	108	109	109	181	181	149	149	161	161	145	145	156	156	123	123
2395FPy2006	185	185	113	113	77	77	161	161	152	152	202	202	186	186	200	200	137	137	95	95	109	109	181	181	149	149	157	157	145	145	156	156	123	123
2397FPy2006	185	185	113	113	77	77	134	134	152	152	202	202	186	186	200	200	137	137	112	112	109	109	181	181	149	149	161	161	133	133	156	156	123	123
2404MPy2006	185	185	113	113	77	77	134	134	152	152	202	202	186	186	200	200	137	137	112	112	109	109	171	171	149	149	161	161	145	145	156	156	123	123
2421FPy2006	185	185	113	113	77	77	134	134	152	152	202	202	186	186	200	200	137	137	112	112	109	109	181	181	149	149	161	161	145	145	156	156	123	123
2445FPy2007	185	185	113	113	77	77	134	134	152	152	202	202	186	186	200	200	137	137	112	112	109	109	181	181	149	149	161	161	145	145	156	156	123	123
2446FPy2007	185	185	114	114	77	77	134	134	152	152	202	202	186	186	200	200	137	137	112	112	109	109	181	181	149	149	161	161	145	145	156	156	123	123
2472FPy2008	185	185	114	114	77	77	134	134	152	152	202	202	186	186	200	200	137	137	95	95	109	109	181	181	149	149	157	157	145	145	156	156	123	123
0293FSy1981	193	193	114	124	104	104	134	161	152	152	202	202	186	186	200	200	137	151	112	118	109	109	171	179	139	149	161	161	133	145	156	156	123	123
0306MSy1980	193	193	124	124	100	104	134	134	152	152	200	202	186	186	200	200	159	159	112	112	109	109	179	181	149	149	161	161	145	145	156	156	119	123
0424FSy1982	193	193	124	124	100	104	134	134	152	152	200	202	186	186	200	200	137	159	112	118	109	109	179	181	149	149	161	161	145	145	156	156	119	123
1235MSy1987	193	193	124	124	100	104	134	161	148	152	194	202	186	188	200	200	129	161	112	118	109	109	171	181	149	149	161	161	145	145	156	157	123	123
1420FSy1993	193	193	124	124	100	98	134	161	148	152	202	202	186	186	200	200	137	161	112	118	109	109	171	181	149	149	161	161	133	145	156	156	123	123
1488MSy1994	193	193	124	124	104	104	134	134	148	148	194	202	186	186	200	200	159	161	108	118	109	109	181	181	149	149	161	161	133	145	156	156	123	123
2259FSy2001	193	193	124	124	104	104	134	134	152	152	202	202	186	186	200	200	137	137	118	118	109	111	181	181	149	149	161	161	145	145	156	157	123	123
2332FSy2003	193	193	124	124	104	104	134	134	152	152	202	202	186	186	200	200	137	153	112	118	109	109	181	181	149	149	161	161	145	145	156	156	123	123
2353FSy2004	193	193	124	124	104	104	134	134	152	152	202	202	186	186	200	200	137	151	118	118	109	109	171	181	149	149	161	161	133	133	156	157	123	123
2354MSy2004	193	193	124	124	104	104	134	134	152	152	202	202	186	186	200	200	137	137	118	118	109	109	181	181	149	149	161	161	145	145	156	157	123	123
2357MSy2004	193	193	124	124	104	104	134	134	152	152	202	202	186	186	200	200	137	137	112	118	109	109	181	181	149	149	161	161	145	145	156	169	123	123
2411MSy2006	193	193	124	124	104	104	134	134	152	152	202	202	186	186	200	200	137	153	112	112	109	111	171	181	149	149	161	161	145	145	157	169	123	123
2436MSy2007	193	193	124	124	104	104	134	134	152	152	202	202	186	186	200	200	137	137	118	118	109	109	181	181	149	149	161	161	133	145	156	156	123	123
2449FSy2007	193	193	124	124	104	104	134	161	152	152	202	202	186	186	200	200	137	137	112	118	109	109	171	177	149	149	161	161	145	145	156	156	123	123
2466MSy2008	193	193	124	124	104	104	134	161	152	152	202	202	186	186	200	200	137	137	118	118	109	109	181	181	149	149	161	161	145	145	156	156	123	123
